Dimension size: 100
Number of Stored Patterns: 10
Pattern 1:
1 0 1 0 1 0 1 0 1 0 
0 1 0 1 0 1 0 1 0 1 
1 0 1 0 1 0 1 0 1 0 
0 1 0 1 0 1 0 1 0 1 
1 0 1 0 1 0 1 0 1 0 
0 1 0 1 0 1 0 1 0 1 
1 0 1 0 1 0 1 0 1 0 
0 1 0 1 0 1 0 1 0 1 
1 0 1 0 1 0 1 0 1 0 
0 1 0 1 0 1 0 1 0 1 

Pattern 2:
1 1 0 0 1 1 0 0 1 1 
1 1 0 0 1 1 0 0 1 1 
0 0 1 1 0 0 1 1 0 0 
0 0 1 1 0 0 1 1 0 0 
1 1 0 0 1 1 0 0 1 1 
1 1 0 0 1 1 0 0 1 1 
0 0 1 1 0 0 1 1 0 0 
0 0 1 1 0 0 1 1 0 0 
1 1 0 0 1 1 0 0 1 1 
1 1 0 0 1 1 0 0 1 1 

Pattern 3:
1 1 1 1 1 0 0 0 0 0 
1 1 1 1 1 0 0 0 0 0 
1 1 1 1 1 0 0 0 0 0 
1 1 1 1 1 0 0 0 0 0 
1 1 1 1 1 0 0 0 0 0 
0 0 0 0 0 1 1 1 1 1 
0 0 0 0 0 1 1 1 1 1 
0 0 0 0 0 1 1 1 1 1 
0 0 0 0 0 1 1 1 1 1 
0 0 0 0 0 1 1 1 1 1 

Pattern 4:
1 0 0 1 0 0 1 0 0 1 
0 1 0 0 1 0 0 1 0 0 
0 0 1 0 0 1 0 0 1 0 
1 0 0 1 0 0 1 0 0 1 
0 1 0 0 1 0 0 1 0 0 
0 0 1 0 0 1 0 0 1 0 
1 0 0 1 0 0 1 0 0 1 
0 1 0 0 1 0 0 1 0 0 
0 0 1 0 0 1 0 0 1 0 
1 0 0 1 0 0 1 0 0 1 

Pattern 5:
1 1 1 1 1 1 1 1 1 1 
1 0 0 0 0 0 0 0 0 1 
1 0 1 1 1 1 1 1 0 1 
1 0 1 0 0 0 0 1 0 1 
1 0 1 0 1 1 0 1 0 1 
1 0 1 0 1 1 0 1 0 1 
1 0 1 0 0 0 0 1 0 1 
1 0 1 1 1 1 1 1 0 1 
1 0 0 0 0 0 0 0 0 1 
1 1 1 1 1 1 1 1 1 1 

Pattern 6:
0 0 0 0 0 0 0 0 0 0 
0 0 0 0 0 0 0 0 0 0 
0 0 0 0 0 0 0 0 0 0 
0 0 0 0 0 0 0 0 0 0 
0 0 0 0 0 0 0 0 0 0 
0 1 0 1 0 1 0 1 0 1 
1 0 1 0 1 0 1 0 1 0 
0 1 0 1 0 1 0 1 0 1 
1 0 1 0 1 0 1 0 1 0 
0 1 0 1 0 1 0 1 0 1 

Pattern 7:
1 1 1 0 1 0 0 0 0 1 
0 1 0 0 1 1 1 0 1 1 
0 0 1 0 1 0 1 1 0 1 
0 1 1 1 0 0 0 1 0 0 
1 1 0 0 1 0 0 1 1 1 
0 1 0 1 1 1 0 0 0 1 
1 0 1 1 0 0 1 0 0 1 
0 0 0 1 0 1 1 1 0 0 
1 1 0 1 1 1 0 0 1 0 
0 1 0 0 1 0 0 1 1 1 

Pattern 8:
1 1 1 1 1 0 0 0 0 0 
1 0 0 0 1 0 1 1 1 0 
1 0 0 0 1 0 1 1 1 0 
1 0 0 0 1 0 1 1 1 0 
1 1 1 1 1 0 0 0 0 0 
0 0 0 0 0 1 1 1 1 1 
0 1 1 1 0 1 0 0 0 1 
0 1 1 1 0 1 0 0 0 1 
0 1 1 1 0 1 0 0 0 1 
0 0 0 0 0 1 1 1 1 1 

Pattern 9:
1 0 0 1 1 1 1 0 0 1 
1 1 0 0 1 1 1 1 0 0 
1 1 1 0 0 1 1 1 1 0 
1 1 1 1 0 0 1 1 1 1 
0 1 1 1 1 0 0 1 1 1 
0 0 1 1 1 1 0 0 1 1 
1 0 0 1 1 1 1 0 0 1 
1 1 0 0 1 1 1 1 0 0 
1 1 1 0 0 1 1 1 1 0 
1 1 1 1 0 0 1 1 1 1 

Pattern 10:
1 1 1 1 1 1 1 1 1 1 
1 0 0 0 0 0 0 0 0 1 
1 0 0 0 0 0 0 0 0 1 
1 0 0 0 0 0 0 0 0 1 
1 0 0 0 1 1 0 0 0 1 
1 0 0 0 1 1 0 0 0 1 
1 0 0 0 0 0 0 0 0 1 
1 0 0 0 0 0 0 0 0 1 
1 0 0 0 0 0 0 0 0 1 
1 1 1 1 1 1 1 1 1 1 

Weight Matrix:
0 4 4 4 8 0 2 -4 0 4 4 4 -6 -4 4 0 -2 0 -2 2 4 -4 6 -2 2 -2 4 2 0 -2 4 0 2 4 -4 -6 0 4 -4 2 6 4 2 -2 10 -2 -6 0 0 2 -2 -4 -2 -4 2 8 -4 -2 2 6 2 -6 0 2 -6 -2 2 -2 -6 6 -2 -2 -2 0 -2 2 2 4 -6 0 2 0 -2 -4 -4 4 -4 -4 2 2 2 2 -2 0 0 2 4 4 6 8 
4 0 6 2 6 2 -4 2 2 2 6 -2 0 -2 2 -2 0 -6 4 4 2 -2 0 4 4 -4 2 4 -6 4 2 -2 4 -2 2 -4 -2 2 -2 -4 8 2 0 0 4 4 -4 -2 -2 4 4 -2 -4 -6 4 2 2 0 0 4 -4 0 2 0 -8 0 -4 4 -4 4 0 -8 4 2 -4 0 4 -2 0 2 0 2 -8 2 -2 2 -6 -2 -4 8 0 0 0 -6 6 4 2 2 8 2 
4 6 0 2 6 -2 0 2 2 -2 2 -2 0 2 -2 -2 0 -2 0 4 6 -2 0 0 8 -4 2 0 -2 4 2 2 0 -2 2 0 -6 2 -2 0 8 -2 4 0 4 0 0 -2 -2 0 0 -2 -4 -2 0 2 2 4 -4 4 0 0 2 -4 -4 0 -4 0 0 4 0 -4 0 2 -4 4 0 -2 0 6 0 -2 -4 2 -2 -2 -2 -2 -4 4 -4 0 0 -2 2 4 2 6 4 2 
4 2 2 0 2 2 4 2 -2 2 6 -2 0 -2 2 -6 0 2 -4 -4 6 2 0 0 0 4 -2 0 2 0 10 -2 0 -2 2 -4 2 -2 2 4 0 2 4 4 4 0 -4 2 -6 0 0 -10 4 -6 0 2 2 0 4 0 0 0 -6 0 -4 4 -4 0 -4 8 4 0 0 -6 4 0 0 -2 0 2 -4 -2 0 -2 -10 2 -2 2 -4 4 4 -4 4 2 -2 0 10 2 4 2 
8 6 6 2 0 2 0 -2 2 2 6 2 -4 -2 2 2 0 -2 0 4 6 -2 4 0 4 -4 6 4 -2 0 2 2 4 2 -2 -4 -2 6 -2 0 8 2 4 0 8 0 -4 -2 2 4 0 -2 -4 -2 4 6 -2 0 0 8 0 -4 2 0 -4 0 0 0 -4 4 0 -4 0 2 -4 4 4 2 -4 2 4 2 -4 -2 -2 2 -2 -2 0 4 0 4 0 -2 2 4 2 6 8 6 
0 2 -2 2 2 0 4 6 6 6 6 -2 0 -2 -2 2 0 -2 0 4 2 2 0 4 -4 4 2 4 -2 4 2 -2 4 -2 -2 0 2 2 2 4 0 -2 0 0 0 8 0 2 2 8 8 -2 4 -2 8 -2 -2 -4 0 0 0 0 -2 0 0 0 -4 4 -4 0 8 -4 4 -2 4 -4 4 -2 0 -2 4 2 -4 -2 -2 -2 -2 2 -4 4 8 4 8 2 6 0 2 -2 4 -2 
2 -4 0 4 0 4 0 4 4 4 0 0 -2 0 -4 0 -2 4 -6 2 4 0 2 -2 -2 6 0 -2 4 2 4 0 -2 0 -4 2 0 0 0 10 -2 -4 2 -2 2 2 2 4 0 2 2 -4 6 0 2 0 -4 -2 -2 -2 6 -2 -4 -2 2 -2 -2 -2 -2 2 6 2 -2 -4 6 -2 -2 0 -2 0 2 -4 2 -4 -4 -4 0 0 -2 -2 6 2 6 8 0 -2 4 0 -2 0 
-4 2 2 2 -2 6 4 0 6 2 2 -6 4 2 -6 -2 0 -2 0 4 2 2 -4 4 0 4 -2 0 -2 8 2 -2 0 -6 2 4 -2 -2 2 4 0 -6 0 0 -4 8 4 2 -2 4 8 -2 4 -2 4 -6 2 0 -4 -4 0 4 -2 -4 0 0 -8 4 0 0 8 -4 4 -2 4 -4 0 -6 4 2 0 -2 -4 2 -2 -6 -2 2 -8 4 4 0 8 2 6 0 2 -2 0 -6 
0 2 2 -2 2 6 4 6 0 2 2 -2 0 2 -6 2 -4 -2 0 8 2 -2 0 4 0 0 2 0 -2 4 -2 -2 0 -2 -2 4 -2 2 -2 4 4 -6 0 -4 0 8 4 -2 2 4 8 2 0 -2 4 -2 -2 0 -4 0 0 0 2 -4 0 -4 -4 4 0 -4 4 -4 4 2 0 -4 0 -2 0 2 4 -2 -4 -2 2 -6 -2 -2 -4 4 4 4 4 2 6 4 -2 -2 0 -2 
4 2 -2 2 2 6 4 2 2 0 2 2 -4 -6 2 2 0 -2 0 4 -2 -2 4 0 -4 4 2 4 -2 4 2 -2 4 2 -6 -4 2 2 -2 4 0 2 -4 -4 4 4 -4 6 2 8 4 -2 4 -2 8 2 -6 -8 0 0 4 -4 -2 4 -4 -4 0 0 -8 4 4 -4 0 -2 4 -4 4 2 -4 -6 4 2 -4 -2 -2 2 -6 -2 0 0 8 4 4 2 6 -4 2 -2 4 2 
4 6 2 6 6 6 0 2 2 2 0 -2 0 -2 2 -2 0 -2 0 0 6 2 0 4 0 0 2 4 -2 0 6 -2 4 -2 2 -4 2 2 2 0 4 2 4 4 4 4 -4 -2 -2 4 4 -6 0 -6 4 2 2 0 4 4 -4 0 -2 0 -4 4 -4 4 -4 4 4 -4 4 -2 0 0 4 -2 0 2 0 2 -4 -2 -6 2 -2 2 -4 8 4 0 4 -2 2 4 6 2 8 2 
4 -2 -2 -2 2 -2 0 -6 -2 2 -2 0 0 2 6 6 0 2 0 0 -2 2 8 0 0 0 2 0 2 -4 -2 6 4 10 -2 0 2 2 -2 0 0 6 0 0 4 -4 0 2 6 0 -4 2 0 2 0 2 -2 -4 4 0 0 -4 -2 4 0 0 8 0 0 0 -4 0 -4 -2 0 0 4 6 0 -6 0 2 0 -2 2 6 2 2 8 -4 0 0 -4 -2 -2 -4 -2 -2 0 2 
-6 0 0 0 -4 0 -2 4 0 -4 0 0 0 8 0 0 2 0 2 -2 0 8 -2 6 2 2 -4 -2 0 2 0 4 2 0 8 6 0 -4 4 -2 -2 0 2 6 -6 2 6 0 0 -2 2 0 2 0 -2 -8 8 2 2 -6 -6 6 -4 -2 2 6 -2 6 6 -2 2 -2 2 -4 2 -2 2 -4 10 0 -6 0 -2 4 0 0 4 8 -2 2 -2 -6 2 -4 0 -2 0 -4 -2 -8 
-4 -2 2 -2 -2 -2 0 2 2 -6 -2 2 8 0 -2 2 0 2 0 0 2 6 0 4 4 0 -2 -4 2 0 -2 6 0 2 6 8 -2 -2 2 0 0 -2 4 4 -4 0 8 -2 2 -4 0 2 0 2 -4 -6 6 4 0 -4 -4 4 -2 -4 4 4 0 4 8 -4 0 0 0 -2 0 0 0 -2 8 2 -4 -2 0 2 2 -2 6 6 0 0 -4 -4 0 -2 -2 0 -2 -2 -4 -6 
4 2 -2 2 2 -2 -4 -6 -6 2 2 6 0 -2 0 2 4 2 4 -4 -2 2 4 0 0 0 2 4 2 -4 2 2 4 6 2 -4 6 2 2 -4 0 10 0 4 4 -4 -4 2 2 0 -4 -2 0 -2 0 2 2 -4 8 0 -4 0 -2 8 -4 4 4 0 -4 4 -4 0 0 -2 0 0 4 2 0 -6 -4 6 0 2 -2 10 -2 2 4 0 0 -4 -4 -6 -2 -4 2 -2 4 2 
0 -2 -2 -6 2 2 0 -2 2 2 -2 6 0 2 2 0 4 2 4 4 -2 2 4 0 0 0 6 4 2 0 -6 6 4 6 -2 4 2 6 2 0 0 2 0 0 0 0 4 2 10 4 0 6 0 6 4 -2 -2 -4 0 0 0 0 2 4 4 0 4 0 0 -4 0 0 0 2 0 0 4 2 0 -6 4 6 0 2 6 2 2 2 4 -4 0 4 0 -2 2 -4 -6 -2 0 -2 
-2 0 0 0 0 0 -2 0 -4 0 0 0 2 0 4 4 0 4 6 -2 0 4 -2 -2 2 2 4 6 4 2 0 4 2 0 4 2 4 4 8 -2 -2 4 2 6 -2 -2 2 4 4 2 -2 0 2 4 2 -4 4 -2 2 -2 -2 6 0 6 2 6 -2 -2 -2 2 2 2 2 0 2 2 2 -4 2 -4 -2 8 2 8 0 4 0 4 -2 -2 -2 -2 2 -4 0 -6 0 0 2 -4 
0 -6 -2 2 -2 -2 4 -2 -2 -2 -2 2 0 2 2 2 4 0 0 -4 2 2 0 -4 0 4 2 0 10 -4 2 2 -4 2 2 4 6 2 6 4 -4 2 4 4 0 -4 4 2 2 -4 -4 -2 4 2 -4 -2 2 0 4 -4 0 4 -2 4 4 4 0 -4 0 0 0 8 0 -2 4 0 -4 -2 0 -2 -4 2 8 2 -2 2 2 2 0 -4 0 -4 0 2 -6 -4 2 -2 -4 -2 
-2 4 0 -4 0 0 -6 0 0 0 0 0 2 0 4 4 6 0 0 2 -4 0 -2 2 2 -2 4 6 0 2 -4 0 2 0 4 2 4 4 4 -6 2 4 -2 2 -2 2 2 0 4 2 2 4 -2 0 2 -4 4 -2 2 -2 -6 6 4 6 -2 2 -2 2 -2 -2 -2 -2 6 4 -2 -2 2 -4 2 -4 -2 8 -2 8 4 4 -4 0 -2 2 -2 -2 -2 -8 4 -2 -4 -4 2 -4 
2 4 4 -4 4 4 2 4 8 4 0 0 -2 0 -4 4 -2 -4 2 0 0 -4 2 2 2 -2 4 2 -4 6 -4 0 2 0 -4 2 -4 4 -4 2 6 -4 -2 -6 2 6 2 0 4 6 6 4 -2 0 6 0 -4 -2 -6 2 2 -2 4 -2 -2 -6 -2 2 -2 -2 2 -6 2 4 -2 -2 2 0 -2 0 6 0 -6 0 4 -4 -4 -4 -2 2 2 6 2 0 8 2 -4 0 2 0 
4 2 6 6 6 2 4 2 2 -2 6 -2 0 2 -2 -2 0 2 -4 0 0 2 0 0 4 0 2 0 2 0 6 2 0 -2 2 0 -2 2 2 4 4 -2 8 4 4 0 0 -2 -2 0 0 -6 0 -2 0 2 2 4 0 4 0 0 -2 -4 0 4 -4 0 0 4 4 0 0 -2 0 4 0 -2 0 6 0 -2 0 -2 -6 -2 2 2 -4 4 0 0 4 2 -2 4 6 6 4 2 
-4 -2 -2 2 -2 2 0 2 -2 -2 2 2 8 6 2 2 4 2 0 -4 2 0 0 4 0 4 -2 0 2 0 2 6 4 2 6 4 2 -2 6 0 -4 2 4 8 -4 0 4 2 2 0 0 -2 4 2 0 -6 6 0 4 -4 -4 4 -6 0 4 8 0 4 4 0 4 0 0 -6 4 0 4 -2 8 -2 -4 2 0 2 -2 2 6 10 0 0 0 -4 4 -2 -2 -4 2 -2 0 -6 
6 0 0 0 4 0 2 -4 0 4 0 8 -2 0 4 4 -2 0 -2 2 0 0 0 2 2 2 4 2 0 -2 0 4 6 8 -4 -2 0 4 -4 2 2 4 2 -2 6 -2 -2 4 4 2 -2 0 2 0 2 4 -4 -2 2 2 2 -6 0 2 -2 -2 6 2 -2 2 -2 -2 -2 0 2 2 6 8 -2 -4 2 0 -2 -4 0 4 0 0 6 -2 2 2 -2 0 0 -2 0 0 2 4 
-2 4 0 0 0 4 -2 4 4 0 4 0 6 4 0 0 -2 -4 2 2 0 4 2 0 2 2 0 2 -4 2 0 0 6 0 4 2 0 0 0 -2 2 0 2 2 -2 6 2 0 0 2 6 0 2 -4 2 -4 4 2 2 -2 -6 2 0 -2 -2 2 -2 10 2 -2 2 -6 6 0 2 -2 6 0 6 0 -2 0 -6 0 0 0 0 4 -2 6 2 -2 2 -4 4 2 0 -4 2 -4 
2 4 8 0 4 -4 -2 0 0 -4 0 0 2 4 0 0 2 0 2 2 4 0 2 2 0 -2 4 2 0 2 0 4 2 0 4 2 -4 4 0 -2 6 0 6 2 2 -2 2 0 0 -2 -2 0 -2 0 -2 0 4 6 -2 2 -2 2 4 -2 -2 2 -2 2 2 2 -2 -2 2 4 -2 6 2 0 2 4 -2 0 -2 4 0 0 0 0 -2 2 -6 -2 -2 -4 0 2 0 4 2 0 
-2 -4 -4 4 -4 4 6 4 0 4 0 0 2 0 0 0 2 4 -2 -2 0 4 2 2 -2 0 0 2 4 2 4 0 2 0 0 2 4 0 4 6 -6 0 2 2 -2 2 2 8 0 2 2 -4 10 0 2 -4 0 -2 2 -6 2 2 -4 2 2 2 -2 2 -2 2 6 2 2 -4 10 -2 2 0 2 -4 -2 0 2 0 -4 0 0 4 -2 -2 6 -2 6 4 0 -6 4 -4 -2 -4 
4 2 2 -2 6 2 0 -2 2 2 2 2 -4 -2 2 6 4 2 4 4 2 -2 4 0 4 0 0 8 2 0 -2 2 4 2 -2 0 2 10 2 0 4 2 4 0 4 0 0 2 6 4 0 2 0 2 4 2 -2 0 0 4 0 0 6 4 0 0 0 0 -4 0 0 0 4 6 0 4 4 2 -4 -2 4 6 0 2 2 2 -2 -2 0 0 0 4 0 -2 2 0 -2 2 4 2 
2 4 0 0 4 4 -2 0 0 4 4 0 -2 -4 4 4 6 0 6 2 0 0 2 2 2 2 8 0 0 2 0 0 6 0 0 -2 4 8 4 -2 2 4 2 2 2 2 -2 4 4 6 2 0 2 0 6 0 0 -2 2 2 -2 2 4 6 -2 2 -2 2 -6 2 2 -2 6 4 2 2 6 0 -2 -4 2 8 -2 4 0 4 -4 0 -2 2 2 2 2 -4 4 -2 0 0 6 0 
0 -6 -2 2 -2 -2 4 -2 -2 -2 -2 2 0 2 2 2 4 10 0 -4 2 2 0 -4 0 4 2 0 0 -4 2 2 -4 2 2 4 6 2 6 4 -4 2 4 4 0 -4 4 2 2 -4 -4 -2 4 2 -4 -2 2 0 4 -4 0 4 -2 4 4 4 0 -4 0 0 0 8 0 -2 4 0 -4 -2 0 -2 -4 2 8 2 -2 2 2 2 0 -4 0 -4 0 2 -6 -4 2 -2 -4 -2 
-2 4 4 0 0 4 2 8 4 4 0 -4 2 0 -4 0 2 -4 2 6 0 0 -2 2 2 2 0 2 -4 0 0 0 2 -4 0 2 -4 0 0 2 2 -4 -2 -2 -2 6 2 4 0 6 6 0 2 0 6 -4 0 -2 -6 -2 2 2 0 -2 -2 -2 -6 2 -2 2 6 -6 2 0 2 -2 2 -4 2 0 2 0 -6 4 0 -4 -4 0 -6 2 2 2 6 0 8 -2 0 0 2 -4 
4 2 2 10 2 2 4 2 -2 2 6 -2 0 -2 2 -6 0 2 -4 -4 6 2 0 0 0 4 -2 0 2 0 0 -2 0 -2 2 -4 2 -2 2 4 0 2 4 4 4 0 -4 2 -6 0 0 -10 4 -6 0 2 2 0 4 0 0 0 -6 0 -4 4 -4 0 -4 8 4 0 0 -6 4 0 0 -2 0 2 -4 -2 0 -2 -10 2 -2 2 -4 4 4 -4 4 2 -2 0 10 2 4 2 
0 -2 2 -2 2 -2 0 -2 -2 -2 -2 6 4 6 2 6 4 2 0 0 2 6 4 0 4 0 2 0 2 0 -2 0 4 6 2 4 -2 2 2 0 0 2 4 4 0 -4 4 2 6 0 -4 2 0 6 0 -2 2 0 0 0 0 0 -2 0 4 4 4 0 4 0 0 0 -4 -2 0 4 4 2 4 -2 0 2 0 2 2 2 6 6 4 -4 -4 0 0 -2 -2 -4 -2 2 0 -2 
2 4 0 0 4 4 -2 0 0 4 4 4 2 0 4 4 2 -4 2 2 0 4 6 6 2 2 4 6 -4 2 0 4 0 4 0 -2 0 4 0 -2 2 4 2 2 2 2 -2 4 4 6 2 0 2 0 6 0 0 -2 2 2 -2 -2 0 2 -2 2 2 6 -2 2 2 -6 2 0 2 2 10 4 2 -4 2 4 -6 0 0 4 0 4 2 2 2 2 2 -4 4 -2 0 0 6 0 
4 -2 -2 -2 2 -2 0 -6 -2 2 -2 10 0 2 6 6 0 2 0 0 -2 2 8 0 0 0 2 0 2 -4 -2 6 4 0 -2 0 2 2 -2 0 0 6 0 0 4 -4 0 2 6 0 -4 2 0 2 0 2 -2 -4 4 0 0 -4 -2 4 0 0 8 0 0 0 -4 0 -4 -2 0 0 4 6 0 -6 0 2 0 -2 2 6 2 2 8 -4 0 0 -4 -2 -2 -4 -2 -2 0 2 
-4 2 2 2 -2 -2 -4 2 -2 -6 2 -2 8 6 2 -2 4 2 4 -4 2 6 -4 4 4 0 -2 0 2 0 2 2 0 -2 0 4 2 -2 6 -4 0 2 4 8 -4 0 4 -2 -2 -4 0 -2 0 -2 -4 -6 10 4 4 -4 -8 8 -2 0 0 8 -4 4 4 0 0 0 4 -2 0 0 0 -6 8 2 -8 2 0 6 -2 2 2 6 -4 4 -4 -8 0 -6 -2 0 2 -2 0 -6 
-6 -4 0 -4 -4 0 2 4 4 -4 -4 0 6 8 -4 4 2 4 2 2 0 4 -2 2 2 2 0 -2 4 2 -4 4 -2 0 4 0 0 0 4 2 -2 -4 2 2 -6 2 10 0 4 -2 2 4 2 4 -2 -8 4 2 -2 -6 -2 6 0 -2 6 2 -2 2 6 -6 2 2 2 0 2 -2 -2 -4 6 0 -2 0 2 4 4 -4 4 4 -2 -2 -2 -2 2 0 0 -2 -4 -4 -6 -8 
0 -2 -6 2 -2 2 0 -2 -2 2 2 2 0 -2 6 2 4 6 4 -4 -2 2 0 0 -4 4 2 4 6 -4 2 -2 0 2 2 0 0 2 6 0 -4 6 0 4 0 0 0 2 2 0 0 -2 4 -2 0 -2 2 -4 8 -4 -4 4 -2 8 0 4 0 0 -4 0 0 4 4 -2 4 -4 0 -2 0 -6 -4 6 4 2 -2 6 -2 2 0 0 4 -4 0 -2 -2 -4 2 -6 0 -2 
4 2 2 -2 6 2 0 -2 2 2 2 2 -4 -2 2 6 4 2 4 4 2 -2 4 0 4 0 10 8 2 0 -2 2 4 2 -2 0 2 0 2 0 4 2 4 0 4 0 0 2 6 4 0 2 0 2 4 2 -2 0 0 4 0 0 6 4 0 0 0 0 -4 0 0 0 4 6 0 4 4 2 -4 -2 4 6 0 2 2 2 -2 -2 0 0 0 4 0 -2 2 0 -2 2 4 2 
-4 -2 -2 2 -2 2 0 2 -2 -2 2 -2 4 2 2 2 8 6 4 -4 2 6 -4 0 0 4 2 4 6 0 2 2 0 -2 6 4 6 2 0 0 -4 2 4 8 -4 0 4 2 2 0 0 -2 4 2 0 -6 6 0 4 -4 -4 8 -2 4 4 8 -4 0 0 0 4 4 4 -2 4 0 0 -6 4 -2 -4 6 4 6 -2 2 2 6 -4 0 0 -4 4 -2 -2 -4 2 -2 0 -6 
2 -4 0 4 0 4 10 4 4 4 0 0 -2 0 -4 0 -2 4 -6 2 4 0 2 -2 -2 6 0 -2 4 2 4 0 -2 0 -4 2 0 0 0 0 -2 -4 2 -2 2 2 2 4 0 2 2 -4 6 0 2 0 -4 -2 -2 -2 6 -2 -4 -2 2 -2 -2 -2 -2 2 6 2 -2 -4 6 -2 -2 0 -2 0 2 -4 2 -4 -4 -4 0 0 -2 -2 6 2 6 8 0 -2 4 0 -2 0 
6 8 8 0 8 0 -2 0 4 0 4 0 -2 0 0 0 -2 -4 2 6 4 -4 2 2 6 -6 4 2 -4 2 0 0 2 0 0 -2 -4 4 -4 -2 0 0 2 -2 6 2 -2 -4 0 2 2 0 -6 -4 2 4 0 2 -2 6 -2 -2 4 -2 -6 -2 -2 2 -2 2 -2 -6 2 4 -6 2 2 0 -2 4 2 0 -6 0 0 0 -4 -4 -2 6 -2 2 -2 -4 4 6 0 4 6 4 
4 2 -2 2 2 -2 -4 -6 -6 2 2 6 0 -2 10 2 4 2 4 -4 -2 2 4 0 0 0 2 4 2 -4 2 2 4 6 2 -4 6 2 2 -4 0 0 0 4 4 -4 -4 2 2 0 -4 -2 0 -2 0 2 2 -4 8 0 -4 0 -2 8 -4 4 4 0 -4 4 -4 0 0 -2 0 0 4 2 0 -6 -4 6 0 2 -2 10 -2 2 4 0 0 -4 -4 -6 -2 -4 2 -2 4 2 
2 0 4 4 4 0 2 0 0 -4 4 0 2 4 0 0 2 4 -2 -2 8 4 2 2 6 2 4 2 4 -2 4 4 2 0 4 2 0 4 4 2 2 0 0 6 2 -2 2 0 0 -2 -2 -4 2 0 -2 0 4 6 2 2 -2 2 0 -2 2 6 -2 2 2 2 2 2 2 0 2 6 2 0 2 4 -2 0 2 0 -4 0 4 4 -2 2 -2 -2 2 0 -4 2 4 4 2 0 
-2 0 0 4 0 0 -2 0 -4 -4 4 0 6 4 4 0 6 4 2 -6 4 8 -2 2 2 2 0 2 4 -2 4 4 2 0 8 2 4 0 8 -2 -2 4 6 0 -2 -2 2 0 0 -2 -2 -4 2 0 -2 -4 8 2 6 -2 -6 6 -4 2 2 10 -2 2 2 2 2 2 2 -4 2 2 2 -4 6 0 -6 4 2 4 -4 4 4 8 -2 2 -2 -6 2 -4 -4 -2 4 0 2 -4 
10 4 4 4 8 0 2 -4 0 4 4 4 -6 -4 4 0 -2 0 -2 2 4 -4 6 -2 2 -2 4 2 0 -2 4 0 2 4 -4 -6 0 4 -4 2 6 4 2 -2 0 -2 -6 0 0 2 -2 -4 -2 -4 2 8 -4 -2 2 6 2 -6 0 2 -6 -2 2 -2 -6 6 -2 -2 -2 0 -2 2 2 4 -6 0 2 0 -2 -4 -4 4 -4 -4 2 2 2 2 -2 0 0 2 4 4 6 8 
-2 4 0 0 0 8 2 8 8 4 4 -4 2 0 -4 0 -2 -4 2 6 0 0 -2 6 -2 2 0 2 -4 6 0 -4 2 -4 0 2 0 0 0 2 2 -4 -2 -2 -2 0 2 0 0 6 10 0 2 -4 6 -4 0 -2 -2 -2 -2 2 0 -2 -2 -2 -6 6 -2 -2 6 -6 6 0 2 -6 2 -4 2 0 2 0 -6 0 0 -4 -4 0 -6 6 6 2 6 0 8 2 0 -4 2 -4 
-6 -4 0 -4 -4 0 2 4 4 -4 -4 0 6 8 -4 4 2 4 2 2 0 4 -2 2 2 2 0 -2 4 2 -4 4 -2 0 4 10 0 0 4 2 -2 -4 2 2 -6 2 0 0 4 -2 2 4 2 4 -2 -8 4 2 -2 -6 -2 6 0 -2 6 2 -2 2 6 -6 2 2 2 0 2 -2 -2 -4 6 0 -2 0 2 4 4 -4 4 4 -2 -2 -2 -2 2 0 0 -2 -4 -4 -6 -8 
0 -2 -2 2 -2 2 4 2 -2 6 -2 2 0 -2 2 2 4 2 0 0 -2 2 4 0 0 8 2 4 2 4 2 2 4 2 -2 0 2 2 2 4 -4 2 0 0 0 0 0 0 2 4 0 -2 8 2 4 -2 -2 -4 0 -4 4 0 -2 4 0 0 0 0 -4 4 4 0 0 -2 8 0 4 2 0 -6 0 2 0 2 -2 2 -2 2 0 -4 4 0 4 2 2 -8 2 -2 0 -2 
0 -2 -2 -6 2 2 0 -2 2 2 -2 6 0 2 2 10 4 2 4 4 -2 2 4 0 0 0 6 4 2 0 -6 6 4 6 -2 4 2 6 2 0 0 2 0 0 0 0 4 2 0 4 0 6 0 6 4 -2 -2 -4 0 0 0 0 2 4 4 0 4 0 0 -4 0 0 0 2 0 0 4 2 0 -6 4 6 0 2 6 2 2 2 4 -4 0 4 0 -2 2 -4 -6 -2 0 -2 
2 4 0 0 4 8 2 4 4 8 4 0 -2 -4 0 4 2 -4 2 6 0 0 2 2 -2 2 4 6 -4 6 0 0 6 0 -4 -2 0 4 0 2 2 0 -2 -2 2 6 -2 4 4 0 6 0 2 0 10 0 -4 -6 -2 2 2 -2 0 2 -2 -2 -2 2 -6 2 6 -6 2 0 2 -2 6 0 -2 -4 6 4 -6 0 0 0 -4 0 -2 2 6 6 6 0 8 -2 0 0 6 0 
-2 4 0 0 0 8 2 8 8 4 4 -4 2 0 -4 0 -2 -4 2 6 0 0 -2 6 -2 2 0 2 -4 6 0 -4 2 -4 0 2 0 0 0 2 2 -4 -2 -2 -2 10 2 0 0 6 0 0 2 -4 6 -4 0 -2 -2 -2 -2 2 0 -2 -2 -2 -6 6 -2 -2 6 -6 6 0 2 -6 2 -4 2 0 2 0 -6 0 0 -4 -4 0 -6 6 6 2 6 0 8 2 0 -4 2 -4 
-4 -2 -2 -10 -2 -2 -4 -2 2 -2 -6 2 0 2 -2 6 0 -2 4 4 -6 -2 0 0 0 -4 2 0 -2 0 -10 2 0 2 -2 4 -2 2 -2 -4 0 -2 -4 -4 -4 0 4 -2 6 0 0 0 -4 6 0 -2 -2 0 -4 0 0 0 6 0 4 -4 4 0 4 -8 -4 0 0 6 -4 0 0 2 0 -2 4 2 0 2 10 -2 2 -2 4 -4 -4 4 -4 -2 2 0 -10 -2 -4 -2 
-2 -4 -4 4 -4 4 6 4 0 4 0 0 2 0 0 0 2 4 -2 -2 0 4 2 2 -2 10 0 2 4 2 4 0 2 0 0 2 4 0 4 6 -6 0 2 2 -2 2 2 8 0 2 2 -4 0 0 2 -4 0 -2 2 -6 2 2 -4 2 2 2 -2 2 -2 2 6 2 2 -4 10 -2 2 0 2 -4 -2 0 2 0 -4 0 0 4 -2 -2 6 -2 6 4 0 -6 4 -4 -2 -4 
-4 -6 -2 -6 -2 -2 0 -2 -2 -2 -6 2 0 2 -2 6 4 2 0 0 -2 2 0 -4 0 0 2 0 2 0 -6 6 0 2 -2 4 -2 2 2 0 -4 -2 0 0 -4 -4 4 2 6 0 -4 6 0 0 0 -2 -2 0 -4 0 4 0 2 0 8 0 4 -4 4 -4 0 4 -4 2 0 4 0 2 0 -2 4 2 4 2 6 -2 6 2 4 -8 -4 4 0 2 -2 -4 -6 2 -4 -2 
2 4 0 0 4 8 2 4 4 8 4 0 -2 -4 0 4 2 -4 2 6 0 0 2 2 -2 2 4 6 -4 6 0 0 6 0 -4 -2 0 4 0 2 2 0 -2 -2 2 6 -2 4 4 10 6 0 2 0 0 0 -4 -6 -2 2 2 -2 0 2 -2 -2 -2 2 -6 2 6 -6 2 0 2 -2 6 0 -2 -4 6 4 -6 0 0 0 -4 0 -2 2 6 6 6 0 8 -2 0 0 6 0 
8 2 2 2 6 -2 0 -6 -2 2 2 2 -8 -6 2 -2 -4 -2 -4 0 2 -6 4 -4 0 -4 2 0 -2 -4 2 -2 0 2 -6 -8 -2 2 -6 0 4 2 0 -4 8 -4 -8 -2 -2 0 -4 -2 -4 -2 0 0 -6 0 0 8 4 -8 2 0 -4 -4 4 -4 -4 4 -4 0 -4 2 -4 4 0 6 -8 2 4 -2 0 -6 -2 2 -2 -6 4 0 0 4 -4 2 -2 4 2 6 4 10 
-4 2 2 2 -2 -2 -4 2 -2 -6 2 -2 8 6 2 -2 4 2 4 -4 2 6 -4 4 4 0 -2 0 2 0 2 2 0 -2 10 4 2 -2 6 -4 0 2 4 8 -4 0 4 -2 -2 -4 0 -2 0 -2 -4 -6 0 4 4 -4 -8 8 -2 0 0 8 -4 4 4 0 0 0 4 -2 0 0 0 -6 8 2 -8 2 0 6 -2 2 2 6 -4 4 -4 -8 0 -6 -2 0 2 -2 0 -6 
-2 0 4 0 0 -4 -2 0 0 -8 0 -4 2 4 -4 -4 -2 0 -2 -2 4 0 -2 2 6 -2 0 -2 0 -2 0 0 -2 -4 4 2 -4 0 0 -2 2 -4 6 2 -2 -2 2 -4 -4 -6 -2 0 -2 0 -6 0 4 0 -2 2 -2 2 4 -6 2 2 -2 2 6 -2 -2 2 2 4 -2 6 -2 0 2 8 -2 -4 2 0 0 -4 4 0 -2 2 -6 -2 -2 0 -4 6 0 4 -2 0 
2 0 -4 4 0 0 -2 -4 -4 0 4 4 2 0 8 0 2 4 2 -6 0 4 2 2 -2 2 0 2 4 -6 4 0 2 4 4 -2 8 0 4 -2 -2 8 2 6 2 -2 -2 0 0 -2 -2 -4 2 -4 -2 0 4 -2 0 -2 -6 2 -4 6 -2 6 2 2 -2 2 -2 2 2 -4 2 -2 2 0 2 -4 -6 4 2 0 -4 8 0 4 2 2 2 -6 -2 -4 -4 -2 4 -4 2 0 
6 4 4 0 8 0 -2 -4 0 0 4 0 -6 -4 0 0 -2 -4 -2 2 4 -4 2 -2 2 -6 4 2 -4 -2 0 0 2 0 -4 -6 -4 4 -4 -2 6 0 2 -2 6 -2 -6 -4 0 2 -2 0 -6 0 2 8 -4 2 -2 0 2 -6 4 -2 -2 -2 2 -2 -2 2 -2 -2 -2 4 -6 6 2 4 -6 4 6 0 -2 -4 0 0 0 -4 2 2 -2 6 -2 0 0 6 0 8 6 8 
2 -4 0 0 0 0 6 0 0 4 -4 0 -6 -4 -4 0 -2 0 -6 2 0 -4 2 -6 -2 2 0 -2 0 2 0 0 -2 0 -8 -2 -4 0 -4 6 -2 -4 -2 -6 2 -2 -2 4 0 2 -2 0 2 4 2 4 -8 -2 -6 2 0 -6 0 -2 2 -6 2 -6 -2 2 2 2 -6 0 2 2 -2 4 -6 0 6 -4 2 -4 0 -4 0 -4 2 -6 2 6 2 8 0 -2 0 4 -2 4 
-6 0 0 0 -4 0 -2 4 0 -4 0 -4 6 4 0 0 6 4 6 -2 0 4 -6 2 2 2 0 2 4 2 0 0 -2 -4 8 6 4 0 8 -2 -2 0 2 6 -6 2 6 0 0 -2 2 0 2 0 -2 -8 8 2 2 -6 -6 0 0 2 2 6 -6 2 2 -2 2 2 6 0 2 -2 -2 -8 6 0 -6 4 2 8 0 0 0 4 -6 2 -2 -6 2 -4 0 -2 0 -4 -2 -8 
0 2 2 -6 2 -2 -4 -2 2 -2 -2 -2 -4 -2 -2 2 0 -2 4 4 -2 -6 0 0 4 -4 6 4 -2 0 -6 -2 0 -2 -2 0 -2 6 -2 -4 4 -2 0 -4 0 0 0 -2 2 0 0 6 -4 2 0 2 -2 4 -4 4 0 0 0 0 0 -4 0 0 0 -4 -4 0 4 10 -4 4 0 2 -4 2 4 2 0 2 6 -2 -2 -6 0 0 -4 4 -4 -2 2 4 -6 2 0 2 
2 0 -4 0 0 0 -2 -4 -4 4 0 4 -2 -4 8 4 6 4 6 -2 -4 0 2 -2 -2 2 4 6 4 -2 0 0 2 4 0 -2 8 4 4 -2 -2 8 -2 2 2 -2 -2 4 4 2 -2 0 2 0 2 0 0 -6 6 -2 -2 2 0 0 -2 2 2 -2 -6 2 -2 2 2 0 2 -2 2 0 -2 -8 -2 8 2 4 0 8 -4 0 2 -2 2 -2 -2 -4 0 -6 0 -4 2 0 
-6 -8 -4 -4 -4 0 2 0 0 -4 -4 0 2 4 -4 4 2 4 -2 -2 0 4 -2 -2 -2 2 0 -2 4 -2 -4 4 -2 0 0 6 0 0 4 2 -6 -4 2 2 -6 -2 6 0 4 -2 -2 4 2 8 -2 -4 0 2 -2 -2 2 2 0 -2 0 2 2 -2 6 -6 2 6 -2 0 2 2 -2 0 2 0 2 0 6 0 4 -4 8 4 2 -6 -2 2 2 4 -4 -2 -4 0 -6 -4 
-2 0 0 4 0 0 -2 0 -4 -4 4 0 6 4 4 0 6 4 2 -6 4 8 -2 2 2 2 0 2 4 -2 4 4 2 0 8 2 4 0 8 -2 -2 4 6 10 -2 -2 2 0 0 -2 -2 -4 2 0 -2 -4 8 2 6 -2 -6 6 -4 2 2 0 -2 2 2 2 2 2 2 -4 2 2 2 -4 6 0 -6 4 2 4 -4 4 4 8 -2 2 -2 -6 2 -4 -4 -2 4 0 2 -4 
2 -4 -4 -4 0 -4 -2 -8 -4 0 -4 8 -2 0 4 4 -2 0 -2 -2 -4 0 6 -2 -2 -2 0 -2 0 -6 -4 4 2 8 -4 -2 0 0 -4 -2 -2 4 -2 -2 2 -6 -2 0 4 -2 -6 4 -2 4 -2 4 -4 -2 2 2 2 -6 0 2 2 -2 0 -2 2 -2 -6 2 -6 0 -2 2 2 8 -2 -4 2 0 2 -4 4 4 4 0 10 -6 -2 2 -6 0 -4 -2 -4 0 -2 4 
-2 4 0 0 0 4 -2 4 4 0 4 0 6 4 0 0 -2 -4 2 2 0 4 2 10 2 2 0 2 -4 2 0 0 6 0 4 2 0 0 0 -2 2 0 2 2 -2 6 2 0 0 2 6 0 2 -4 2 -4 4 2 2 -2 -6 2 0 -2 -2 2 -2 0 2 -2 2 -6 6 0 2 -2 6 0 6 0 -2 0 -6 0 0 0 0 4 -2 6 2 -2 2 -4 4 2 0 -4 2 -4 
-6 -4 0 -4 -4 -4 -2 0 0 -8 -4 0 6 8 -4 0 -2 0 -2 -2 0 4 -2 2 2 -2 -4 -6 0 -2 -4 4 -2 0 4 6 -4 -4 0 -2 -2 -4 2 2 -6 -2 6 -4 0 -6 -2 4 -2 4 -6 -4 4 6 -2 -2 -2 2 0 -6 6 2 2 2 0 -6 -2 2 -2 0 -2 2 -2 0 6 4 -2 -4 2 0 4 -4 8 4 2 -2 -6 -2 -2 0 -4 2 -4 0 -6 -4 
6 4 4 8 4 0 2 0 -4 4 4 0 -2 -4 4 -4 2 0 -2 -2 4 0 2 -2 2 2 0 2 0 2 8 0 2 0 0 -6 0 0 0 2 2 4 2 2 6 -2 -6 4 -4 2 -2 -8 2 -4 2 4 0 -2 2 2 2 -2 -4 2 -6 2 -2 -2 -6 0 2 -2 -2 -4 2 2 2 0 -2 0 -2 0 -2 0 -8 4 -4 0 -2 2 2 -2 2 0 0 -2 8 4 6 4 
-2 0 0 4 0 8 6 8 4 4 4 -4 2 0 -4 0 2 0 -2 2 4 4 -2 2 -2 6 0 2 0 6 4 0 2 -4 0 2 0 0 4 6 -2 -4 2 2 -2 6 2 4 0 6 6 -4 6 0 6 -4 0 -2 -2 -2 2 2 -4 -2 2 2 -6 2 -2 2 0 -2 2 -4 6 -2 2 -4 2 0 2 0 -2 0 -4 -4 0 4 -6 2 6 2 10 4 4 -2 4 0 2 -4 
-2 -8 -4 0 -4 -4 2 -4 -4 -4 -4 0 -2 0 0 0 2 8 -2 -6 0 0 -2 -6 -2 2 0 -2 8 -6 0 0 -6 0 0 2 4 0 4 2 -6 0 2 2 -2 -6 2 0 0 -6 -6 0 2 4 -6 0 0 2 2 -2 2 2 0 2 6 2 2 -6 2 -2 -2 0 -2 0 2 2 -6 0 -2 0 -2 0 10 0 0 0 4 0 2 -6 -2 -2 -2 4 -8 -2 0 0 -6 0 
-2 4 0 0 0 4 -2 4 4 0 4 -4 2 0 0 0 2 0 6 2 0 0 -2 6 2 2 4 6 0 2 0 -4 2 -4 4 2 4 4 4 -2 2 0 2 2 -2 6 2 0 0 2 6 0 2 -4 2 -4 4 2 2 -2 -6 6 4 2 -2 2 -6 6 -2 -2 2 -2 0 4 2 -2 2 -4 2 0 -2 4 -2 4 0 0 -4 0 -6 6 2 -2 2 -4 4 2 0 -4 2 -4 
0 2 2 -6 2 -2 -4 -2 2 -2 -2 -2 -4 -2 -2 2 0 -2 4 4 -2 -6 0 0 4 -4 6 4 -2 0 -6 -2 0 -2 -2 0 -2 6 -2 -4 4 -2 0 -4 0 0 0 -2 2 0 0 6 -4 2 0 2 -2 4 -4 4 0 0 10 0 0 -4 0 0 0 -4 -4 0 4 0 -4 4 0 2 -4 2 4 2 0 2 6 -2 -2 -6 0 0 -4 4 -4 -2 2 4 -6 2 0 2 
-2 -4 -4 4 -4 4 6 4 0 4 0 0 2 0 0 0 2 4 -2 -2 0 4 2 2 -2 10 0 2 4 2 4 0 2 0 0 2 4 0 4 6 -6 0 2 2 -2 2 2 8 0 2 2 -4 10 0 2 -4 0 -2 2 -6 2 2 -4 2 2 2 -2 2 -2 2 6 2 2 -4 0 -2 2 0 2 -4 -2 0 2 0 -4 0 0 4 -2 -2 6 -2 6 4 0 -6 4 -4 -2 -4 
2 0 4 0 4 -4 -2 -4 -4 -4 0 0 -2 0 0 0 2 0 -2 -2 4 0 2 -2 6 -2 4 2 0 -2 0 4 2 0 0 -2 -4 4 0 -2 2 0 6 2 2 -6 -2 0 0 -2 -6 0 -2 4 -2 4 0 6 -2 6 2 -2 4 -2 2 2 2 -2 2 2 -2 2 -2 4 -2 0 2 4 -2 4 2 0 2 0 0 0 4 0 2 -2 -6 2 -2 0 -4 2 0 8 2 4 
2 4 0 0 4 4 -2 0 0 4 4 4 2 0 4 4 2 -4 2 2 0 4 6 6 2 2 4 6 -4 2 0 4 10 4 0 -2 0 4 0 -2 2 4 2 2 2 2 -2 4 4 6 2 0 2 0 6 0 0 -2 2 2 -2 -2 0 2 -2 2 2 6 -2 2 2 -6 2 0 2 2 0 4 2 -4 2 4 -6 0 0 4 0 4 2 2 2 2 2 -4 4 -2 0 0 6 0 
4 -2 -2 -2 2 -2 0 -6 -2 2 -2 6 -4 -2 2 2 -4 -2 -4 0 -2 -2 8 0 0 0 2 0 -2 -4 -2 2 4 6 -6 -4 -2 2 -6 0 0 2 0 -4 4 -4 -4 2 2 0 -4 2 0 2 0 6 -6 0 0 4 4 -8 2 0 0 -4 8 0 0 0 -4 0 -4 2 0 4 4 0 -4 -2 4 -2 0 -6 2 2 2 -2 8 -4 0 4 -4 2 -2 0 -2 2 0 6 
-6 0 0 0 -4 0 -2 4 0 -4 0 0 10 8 0 0 2 0 2 -2 0 8 -2 6 2 2 -4 -2 0 2 0 4 2 0 8 6 0 -4 4 -2 -2 0 2 6 -6 2 6 0 0 -2 2 0 2 0 -2 -8 8 2 2 -6 -6 6 -4 -2 2 6 -2 6 6 -2 2 -2 2 -4 2 -2 2 -4 0 0 -6 0 -2 4 0 0 4 8 -2 2 -2 -6 2 -4 0 -2 0 -4 -2 -8 
0 2 6 2 2 -2 0 2 2 -6 2 -6 0 2 -6 -6 -4 -2 -4 0 6 -2 -4 0 4 -4 -2 -4 -2 0 2 -2 -4 -6 2 0 -6 -2 -2 0 4 -6 4 0 0 0 0 -6 -6 -4 0 -2 -4 -2 -4 2 2 8 -4 4 0 0 2 -8 0 0 -4 0 4 0 0 0 0 2 -4 4 -4 -2 0 0 0 -6 0 -2 -2 -6 2 -2 -4 4 -4 0 0 2 -2 8 2 6 0 2 
2 0 0 -4 4 4 2 0 4 4 0 0 -6 -4 -4 4 -2 -4 -2 6 0 -4 2 -2 -2 -2 4 2 -4 2 -4 0 2 0 -8 -2 -4 4 -4 2 2 -4 -2 -6 2 2 -2 0 4 6 2 4 -2 4 6 4 -8 -2 -6 6 6 -6 4 -2 2 -6 2 -2 -2 -2 2 -2 -2 4 -2 2 2 4 -6 0 0 0 -2 -4 4 -4 0 -4 2 -2 2 10 2 4 4 2 -4 4 2 4 
0 2 -2 -2 2 2 -4 -2 -2 2 2 2 0 -2 6 6 8 2 8 0 -2 2 0 0 0 0 6 8 2 0 -2 2 4 2 2 0 6 6 6 -4 0 6 0 4 0 0 0 2 6 4 0 2 0 2 4 -2 2 -4 4 0 -4 4 2 8 0 4 0 0 -4 0 0 0 4 2 0 0 4 -2 0 -6 0 0 0 6 2 6 -2 2 0 0 0 0 0 -6 2 -4 -2 -2 4 -2 
-2 -8 -4 0 -4 -4 2 -4 -4 -4 -4 0 -2 0 0 0 2 8 -2 -6 0 0 -2 -6 -2 2 0 -2 8 -6 0 0 -6 0 0 2 4 0 4 2 -6 0 2 2 -2 -6 2 0 0 -6 -6 0 2 4 -6 0 0 2 2 -2 2 2 0 2 6 2 2 -6 2 -2 -2 10 -2 0 2 2 -6 0 -2 0 -2 0 0 0 0 0 4 0 2 -6 -2 -2 -2 4 -8 -2 0 0 -6 0 
-4 2 2 -2 -2 -2 -4 2 -2 -2 -2 -2 4 2 2 2 8 2 8 0 -2 2 -4 0 4 0 2 4 2 4 -2 2 0 -2 6 4 2 2 6 -4 0 2 0 4 -4 0 4 2 2 0 0 2 0 2 0 -6 6 0 0 -4 -4 8 2 4 0 4 -4 0 0 0 0 0 4 2 0 0 0 -6 4 -2 -4 6 0 0 2 2 -2 2 -4 0 -4 -4 0 -6 2 -4 -2 -2 0 -6 
-4 -2 -2 -10 -2 -2 -4 -2 2 -2 -6 2 0 2 -2 6 0 -2 4 4 -6 -2 0 0 0 -4 2 0 -2 0 -10 2 0 2 -2 4 -2 2 -2 -4 0 -2 -4 -4 -4 0 4 -2 6 0 0 10 -4 6 0 -2 -2 0 -4 0 0 0 6 0 4 -4 4 0 4 -8 -4 0 0 6 -4 0 0 2 0 -2 4 2 0 2 0 -2 2 -2 4 -4 -4 4 -4 -2 2 0 -10 -2 -4 -2 
4 2 -2 2 2 -2 -4 -6 -6 2 2 6 0 -2 10 2 4 2 4 -4 -2 2 4 0 0 0 2 4 2 -4 2 2 4 6 2 -4 6 2 2 -4 0 10 0 4 4 -4 -4 2 2 0 -4 -2 0 -2 0 2 2 -4 8 0 -4 0 -2 8 -4 4 4 0 -4 4 -4 0 0 -2 0 0 4 2 0 -6 -4 6 0 2 -2 0 -2 2 4 0 0 -4 -4 -6 -2 -4 2 -2 4 2 
-4 -6 -2 -2 -2 -2 0 -2 -2 -6 -2 2 4 6 -2 2 0 2 -4 -4 2 6 0 0 0 0 -2 -4 2 -4 -2 6 0 2 2 4 -2 -2 2 0 -4 -2 4 4 -4 -4 4 -2 2 -4 -4 2 0 6 -4 -2 2 4 0 0 0 0 -2 -4 8 4 4 0 8 -4 0 4 -4 -2 0 4 0 2 4 2 0 -2 4 -2 2 -2 0 6 4 -4 -4 0 0 2 -6 0 -2 2 -4 -2 
-4 -2 -2 2 -2 2 0 2 -2 -2 2 2 8 6 2 2 4 2 0 -4 2 10 0 4 0 4 -2 0 2 0 2 6 4 2 6 4 2 -2 6 0 -4 2 4 8 -4 0 4 2 2 0 0 -2 4 2 0 -6 6 0 4 -4 -4 4 -6 0 4 8 0 4 4 0 4 0 0 -6 4 0 4 -2 8 -2 -4 2 0 2 -2 2 6 0 0 0 0 -4 4 -2 -2 -4 2 -2 0 -6 
2 -4 -4 -4 0 -4 -2 -8 -4 0 -4 8 -2 0 4 4 -2 0 -2 -2 -4 0 6 -2 -2 -2 0 -2 0 -6 -4 4 2 8 -4 -2 0 0 -4 -2 -2 4 -2 -2 2 -6 -2 0 4 -2 -6 4 -2 4 -2 4 -4 -2 2 2 2 -6 0 2 2 -2 10 -2 2 -2 -6 2 -6 0 -2 2 2 8 -2 -4 2 0 2 -4 4 4 4 0 0 -6 -2 2 -6 0 -4 -2 -4 0 -2 4 
2 8 4 4 4 4 -2 4 4 0 8 -4 2 0 0 -4 -2 -4 2 2 4 0 -2 6 2 -2 0 2 -4 2 4 -4 2 -4 4 -2 0 0 0 -2 6 0 2 2 2 6 -2 -4 -4 2 6 -4 -2 -8 2 0 4 2 2 2 -6 2 0 -2 -6 2 -6 6 -2 2 2 -6 6 0 -2 -2 2 -4 2 4 -2 0 -6 0 -4 0 -4 0 -6 0 2 -2 2 -4 4 6 4 0 6 0 
2 0 -4 4 0 8 6 4 4 8 4 0 -2 -4 0 0 -2 0 -2 2 0 0 2 2 -6 6 0 2 0 2 4 -4 2 0 -4 -2 4 0 0 6 -2 0 -2 -2 2 6 -2 4 0 6 6 -4 6 -4 6 0 -4 -6 2 -2 2 -2 -4 2 -2 -2 -2 2 -6 2 6 -2 2 -4 6 -6 2 0 -2 -4 2 0 -2 -4 -4 0 -4 0 -2 2 0 2 6 4 4 -2 4 -4 2 0 
2 0 0 -4 4 4 2 0 4 4 0 0 -6 -4 -4 4 -2 -4 -2 6 0 -4 2 -2 -2 -2 4 2 -4 2 -4 0 2 0 -8 -2 -4 4 -4 2 2 -4 -2 -6 2 2 -2 0 4 6 2 4 -2 4 6 4 -8 -2 -6 6 6 -6 4 -2 2 -6 2 -2 -2 -2 2 -2 -2 4 -2 2 2 4 -6 0 10 0 -2 -4 4 -4 0 -4 2 -2 2 0 2 4 4 2 -4 4 2 4 
-2 0 0 4 0 8 6 8 4 4 4 -4 2 0 -4 0 2 0 -2 2 4 4 -2 2 -2 6 0 2 0 6 4 0 2 -4 0 2 0 0 4 6 -2 -4 2 2 -2 6 2 4 0 6 6 -4 6 0 6 -4 0 -2 -2 -2 2 2 -4 -2 2 2 -6 2 -2 2 10 -2 2 -4 6 -2 2 -4 2 0 2 0 -2 0 -4 -4 0 4 -6 2 6 2 0 4 4 -2 4 0 2 -4 
0 -6 -2 2 -2 2 8 2 2 2 -2 -2 -4 -2 -6 -2 -4 2 -8 0 2 -2 0 -4 -4 4 -2 -4 2 0 2 -2 -4 -2 -6 0 -2 -2 -2 8 -4 -6 0 -4 0 0 0 2 -2 0 0 -2 4 2 0 2 -6 0 -4 0 8 -4 -2 -4 4 -4 0 -4 0 0 4 4 -4 -2 4 0 -4 2 -4 2 4 -6 4 -6 -2 -6 2 -2 0 -4 4 4 4 0 -2 0 2 2 -4 2 
0 6 2 -2 2 6 0 6 6 6 2 -2 0 -2 -2 2 0 -6 4 8 -2 -2 0 4 0 0 2 4 -6 8 -2 -2 4 -2 -2 0 -2 2 -2 0 4 -2 -4 -4 0 8 0 2 2 8 8 2 0 -2 8 -2 -2 -4 -4 0 0 0 2 0 -4 -4 -4 4 -4 0 4 -8 4 2 0 -4 4 -2 0 -2 4 2 -8 2 2 -2 -6 -2 -4 4 4 4 4 -2 0 0 -2 -2 4 -2 
2 4 4 0 4 0 -2 0 4 -4 4 -4 -2 0 -4 -4 -6 -4 -2 2 4 -4 -2 2 2 -6 0 -2 -4 -2 0 -4 -2 -4 0 -2 -4 0 -4 -2 6 -4 2 -2 2 2 -2 -8 -4 -2 2 0 -6 -4 -2 4 0 6 -2 6 -2 -2 4 -6 -2 -2 -2 2 2 -2 -2 -2 2 4 -6 2 -2 0 -2 8 2 -4 -2 -4 0 -4 0 -4 -2 6 -2 2 -2 0 0 0 0 4 2 4 
4 2 2 10 2 2 4 2 -2 2 6 -2 0 -2 2 -6 0 2 -4 -4 6 2 0 0 0 4 -2 0 2 0 10 -2 0 -2 2 -4 2 -2 2 4 0 2 4 4 4 0 -4 2 -6 0 0 -10 4 -6 0 2 2 0 4 0 0 0 -6 0 -4 4 -4 0 -4 8 4 0 0 -6 4 0 0 -2 0 2 -4 -2 0 -2 -10 2 -2 2 -4 4 4 -4 4 2 -2 0 0 2 4 2 
4 2 6 2 6 -2 0 -2 -2 -2 2 -2 -4 -2 -2 -2 0 -2 -4 0 6 -2 0 -4 4 -4 2 0 -2 0 2 2 0 -2 -2 -4 -6 2 -2 0 4 -2 4 0 4 -4 -4 -2 -2 0 -4 -2 -4 2 0 6 -2 4 -4 8 4 -4 2 -4 0 0 0 -4 0 4 0 0 -4 2 -4 8 0 2 -4 6 4 -2 0 -2 -2 -2 2 -2 0 0 -4 4 0 2 -2 4 2 0 4 6 
6 8 4 4 8 4 -2 0 0 4 8 0 -2 -4 4 0 2 -4 2 2 4 0 2 2 2 -2 4 6 -4 2 4 0 6 0 0 -6 0 4 0 -2 6 4 2 2 6 2 -6 0 0 6 2 -4 -2 -4 6 4 0 -2 2 6 -2 -2 0 2 -6 2 -2 2 -6 6 2 -6 2 0 -2 2 6 0 -2 0 2 4 -6 0 -4 4 -4 0 -2 6 2 2 2 -4 4 2 4 4 0 4 
8 2 2 2 6 -2 0 -6 -2 2 2 2 -8 -6 2 -2 -4 -2 -4 0 2 -6 4 -4 0 -4 2 0 -2 -4 2 -2 0 2 -6 -8 -2 2 -6 0 4 2 0 -4 8 -4 -8 -2 -2 0 -4 -2 -4 -2 0 10 -6 0 0 8 4 -8 2 0 -4 -4 4 -4 -4 4 -4 0 -4 2 -4 4 0 6 -8 2 4 -2 0 -6 -2 2 -2 -6 4 0 0 4 -4 2 -2 4 2 6 4 0 
